[Account]
ApiKey = 
SecretKey = 
ApiKey0 = a3187ffb1e0a14a63b5823ebf28e5ca4
SecretKey0 = 907d45373cd1416058758f89c4098433
ApiKey1 = 0x1a7b41ca9a2fb32bd08a27f6ee42a55b59cabb66
SecretKey1 = 0xb930bac334bb58fadae3795be305fff7cb538b5762ddb38c73f9d4089ac6fb44
ApiKey2 = 0x1a7b41ca9a2fb32bd08a27f6ee42a55b59cabb66
SecretKey2 = 0xb930bac334bb58fadae3795be305fff7cb538b5762ddb38c73f9d4089ac6fb44
ApiKey3 = 0x1a7b41ca9a2fb32bd08a27f6ee42a55b59cabb66
SecretKey3 = 0xb930bac334bb58fadae3795be305fff7cb538b5762ddb38c73f9d4089ac6fb44
ApiKey4 = 0x1a7b41ca9a2fb32bd08a27f6ee42a55b59cabb66
SecretKey4 = 0xb930bac334bb58fadae3795be305fff7cb538b5762ddb38c73f9d4089ac6fb44

[Settings]
TimerMain = 5;5
TimerWait = 75;20
TimerWaitMin = 60;10
TimerOrders = 65;15
TimerMainRandom = 5;5
CountOrders = 5;5
VolumeLow = 3|0;1000|0
VolumeHigh = 4|0;1500|0
Gap = 0;0.0000011
MinPercent = 1;1
MaxPercent = 2;1
TimerMainBtc = 5;5
TimerWaitBtc = 75;20
TimerWaitMinBtc = 45;10
TimerOrdersBtc = 45;10
TimerMainRandomBtc = 5;5
CountOrdersBtc = 5;3
VolumeLowBtc = 2|0;15|0
VolumeHighBtc = 3|0;15|0
GapBtc = 0;0.0000011
MinPercentBtc = 1;1
MaxPercentBtc = 2;2
TimerMainUsd = 5;0.1
TimerWaitUsd = 30;1
TimerWaitMinUsd = 20;1
TimerOrdersUsd = 25;1
TimerMainRandomUsd = 5;1
CountOrdersUsd = 5;1
VolumeLowUsd = 2|0;0.1|0.1
VolumeHighUsd = 3|0;1.0|1.0
GapUsd = 0;0.0000011
MinPercentUsd = 1;1
MaxPercentUsd = 2;5
